image: oit_short.pgm
resolution: 0.050000
origin: [-123.400000, -91.400000, 0.000000]
negate: 0
occupied_thresh: 0.65
free_thresh: 0.196

