image: oit_fit.pgm
resolution: 0.050000
origin: [-129.800000, -155.400000, 0.000000]
negate: 0
occupied_thresh: 0.65
free_thresh: 0.196

